0
1
2
3
4
5
6
7
8
9
10
11
12
13
14
15
16
17
18
19
20
21
22
23
24
25
26
27
28
29
30
31
32
33
34
35
36
37
38
39
40
41
42
43
44
45
46
47
48
49
50
51
52
53
54
55
56
57
58
59
60
61
62
63
64
70
72
73
75
76
77
79
82
102
107
108
109
117
118
131
132
133
146
147
148
149
150
154
155
156
157
158
159
160
161
162
163
164
165
166
167
168
170
171
172
173
174
175
176
177
181
186
187
190
193
194
195
197
198
199
200
201
202
203
204
206
207
208
209
210
211
213
214
216
217
218
219
222
223
224
225
226
235
237
238
240
241
254
255
258
308
309
312
316
317
320
324
325
328
329
330
331
332
334
335
337
338
345
346
347
348
349
350
351
352
353
354
355
356
358
361
362
364
367
368
369
372
375
376
377
379
380
381
382
383
388
395
398
401
403
404
405
406
408
412
413
415
418
419
425
428
429
430
431
432
438
440
441
444
446
447
448
450
451
452
453
455
456
459
486
496
497
498
499
501
506
507
511
523
525
536
537
539
540
545
546
548
557
558
559
560
571
574
580
582
583
585
587
589
590
593
594
595
596
597
600
601
603
605
611
612
614
615
616
619
620
628
664
687
689
693
695
707
723
749
750
754
759
782
793
800
812
813
826
828
831
833
847
856
862
863
875
876
882
884
886
891
894
899
902
905
946
949
951
952
954
961
965
970
971
979
984
985
986
987
989
991
992
995
1004
1009
1011
1032
1080
1086
1091
1093
1094
1107
1109
1112
1117
1118
1120
1124
1126
1127
1128
1134
1152
1156
1157
1162
1166
1175
1176
1196
1198
1203
1222
1231
1258
1260
1264
1283
1284
1305
1309
1318
1323
1348
1352
1365
1411
1414
1427
1428
1437
1447
1450
1464
1467
1486
1488
1501
1519
1524
1529
1548
1565
1582
1608
1690
1692
1796
1821
1854
1871
1878
1891
1912
1952
1954
1959
2016
2020
2023
2033
2267
2280
2281
2408
2425
2431
2432
2459
2549
2553
2574
2627
2663
2672
2683
2695
2758
2780
2787
2790
2792
2798
2800
2816
2819
2820
