0
1
2
3
4
5
6
7
8
9
10
11
12
13
14
15
16
17
18
19
20
21
22
23
24
25
26
27
28
29
30
31
32
33
34
35
36
37
38
39
40
41
42
43
44
45
46
47
48
49
50
51
52
53
54
55
56
57
58
59
60
61
62
63
64
65
66
67
72
74
82
83
86
92
93
97
98
101
111
113
125
127
142
147
151
152
154
158
159
160
168
170
225
227
239
310
311
320
329
341
368
424
462
497
503
517
529
588
593
602
618
619
620
650
659
671
673
689
706
713
715
744
751
767
768
777
796
799
805
807
808
818
844
848
849
850
856
862
880
881
896
948
966
987
1008
1010
1028
1068
1069
1070
1086
1100
1108
1119
1155
1162
1165
1167
1182
1192
1199
1214
1229
1247
1279
1285
1291
1295
1297
1302
1347
1354
1355
1430
1436
1451
1612
1613
1632
1639
1682
1684
1740
1743
1759
1857
1955
1986
2031
2032
2055
2056
2108
2131
2139
2151
2199
2218
2241
2267
2272
2305
2323
2483
2521
2650
2685
2872
3172
3191
3192
3198
3208
3275
3599
3643
3750
3752
3798
3873
3979
4053
4270
4527
4582
4584
4629
4630
4655
4656
4980
5054
5106
5118
5302
5385
5437
5482
5508
5527
5538
5575
5579
5581
